1 49 -0.0
2 49 -0.0
3 49 -0.0
4 49 -0.0
5 49 -0.0
6 49 -0.0
7 50 -0.0
8 50 -0.0
9 50 -0.0
10 50 -0.0
11 50 -0.0
12 50 -0.0
13 51 -0.0
14 51 -0.0
15 51 -0.0
16 51 -0.0
17 51 -0.0
18 51 -0.0
19 52 -0.0
20 52 -0.0
21 52 -0.0
22 52 -0.0
23 52 -0.0
24 52 -0.0
25 53 -0.0
26 53 -0.0
27 53 -0.0
28 53 -0.0
29 53 -0.0
30 53 -0.0
31 54 -0.0
32 54 -0.0
33 54 -0.0
34 54 -0.0
35 54 -0.0
36 54 -0.0
37 55 -0.0
38 55 -0.0
39 55 -0.0
40 55 -0.0
41 55 -0.0
42 55 -0.0
43 56 -0.0
44 56 -0.0
45 56 -0.0
46 56 -0.0
47 56 -0.0
48 56 -0.0
49 1 -0.0
49 2 -0.0
49 3 -0.0
49 4 -0.0
49 5 -0.0
49 6 -0.0
50 7 -0.0
50 8 -0.0
50 9 -0.0
50 10 -0.0
50 11 -0.0
50 12 -0.0
51 13 -0.0
51 14 -0.0
51 15 -0.0
51 16 -0.0
51 17 -0.0
51 18 -0.0
52 19 -0.0
52 20 -0.0
52 21 -0.0
52 22 -0.0
52 23 -0.0
52 24 -0.0
53 25 -0.0
53 26 -0.0
53 27 -0.0
53 28 -0.0
53 29 -0.0
53 30 -0.0
54 31 -0.0
54 32 -0.0
54 33 -0.0
54 34 -0.0
54 35 -0.0
54 36 -0.0
55 37 -0.0
55 38 -0.0
55 39 -0.0
55 40 -0.0
55 41 -0.0
55 42 -0.0
56 43 -0.0
56 44 -0.0
56 45 -0.0
56 46 -0.0
56 47 -0.0
56 48 -0.0
49 57 -0.0
50 57 -0.0
51 57 -0.0
52 57 -0.0
53 57 -0.0
54 57 -0.0
55 57 -0.0
56 57 -0.0
57 49 -0.0
57 50 -0.0
57 51 -0.0
57 52 -0.0
57 53 -0.0
57 54 -0.0
57 55 -0.0
57 56 -0.0
